Datetime,Water Level (m)
2025-06-09 00:00:00,0.53141004
2025-06-09 01:00:00,0.44191763
2025-06-09 02:00:00,0.35374305
2025-06-09 03:00:00,0.28626516
2025-06-09 04:00:00,0.23275349
2025-06-09 05:00:00,0.19395278
2025-06-09 06:00:00,0.16934368
2025-06-09 07:00:00,0.21269603
2025-06-09 08:00:00,0.3761851
2025-06-09 09:00:00,0.54886466
2025-06-09 10:00:00,0.681104
2025-06-09 11:00:00,0.76174074
2025-06-09 12:00:00,0.79762226
2025-06-09 13:00:00,0.7706673
2025-06-09 14:00:00,0.6700745
2025-06-09 15:00:00,0.57652956
2025-06-09 16:00:00,0.50932544
2025-06-09 17:00:00,0.4522011
2025-06-09 18:00:00,0.40220866
2025-06-09 19:00:00,0.36398333
2025-06-09 20:00:00,0.3831008
2025-06-09 21:00:00,0.5078562
2025-06-09 22:00:00,0.65300906
2025-06-09 23:00:00,0.76205266
2025-06-10 00:00:00,0.7948905
2025-06-10 01:00:00,0.74165714
2025-06-10 02:00:00,0.64886725
2025-06-10 03:00:00,0.5733203
2025-06-10 04:00:00,0.5078914
2025-06-10 05:00:00,0.45142087
2025-06-10 06:00:00,0.40307063
2025-06-10 07:00:00,0.36910576
2025-06-10 08:00:00,0.42281383
2025-06-10 09:00:00,0.5877169
2025-06-10 10:00:00,0.76572245
2025-06-10 11:00:00,0.89495
2025-06-10 12:00:00,0.97060883
2025-06-10 13:00:00,0.9783847
2025-06-10 14:00:00,0.89292824
2025-06-10 15:00:00,0.7800617
2025-06-10 16:00:00,0.69845474
2025-06-10 17:00:00,0.6314275
2025-06-10 18:00:00,0.5733053
2025-06-10 19:00:00,0.5224543
2025-06-10 20:00:00,0.48546466
2025-06-10 21:00:00,0.52629226
2025-06-10 22:00:00,0.6528438
2025-06-10 23:00:00,0.7882176
2025-06-11 00:00:00,0.8642756
2025-06-11 01:00:00,0.85184675
2025-06-11 02:00:00,0.77320606
2025-06-11 03:00:00,0.69541025
2025-06-11 04:00:00,0.626119
2025-06-11 05:00:00,0.5651446
2025-06-11 06:00:00,0.51253736
2025-06-11 07:00:00,0.4674223
2025-06-11 08:00:00,0.4462506
2025-06-11 09:00:00,0.54619247
2025-06-11 10:00:00,0.71956104
2025-06-11 11:00:00,0.8915494
2025-06-11 12:00:00,1.005194
2025-06-11 13:00:00,1.062304
2025-06-11 14:00:00,1.0267042
2025-06-11 15:00:00,0.9088213
2025-06-11 16:00:00,0.8099927
2025-06-11 17:00:00,0.7343353
2025-06-11 18:00:00,0.66990966
2025-06-11 19:00:00,0.6138866
2025-06-11 20:00:00,0.5647905
2025-06-11 21:00:00,0.5386015
2025-06-11 22:00:00,0.6076823
2025-06-11 23:00:00,0.74269515
2025-06-12 00:00:00,0.87145656
2025-06-12 01:00:00,0.92806906
2025-06-12 02:00:00,0.88985264
2025-06-12 03:00:00,0.80551535
2025-06-12 04:00:00,0.72994137
2025-06-12 05:00:00,0.662173
2025-06-12 06:00:00,0.6036639
2025-06-12 07:00:00,0.5535509
2025-06-12 08:00:00,0.5135998
2025-06-12 09:00:00,0.52968293
2025-06-12 10:00:00,0.6734871
2025-06-12 11:00:00,0.8591342
2025-06-12 12:00:00,1.013783
2025-06-12 13:00:00,1.1130337
2025-06-12 14:00:00,1.1375304
2025-06-12 15:00:00,1.0509601
2025-06-12 16:00:00,0.9291372
2025-06-12 17:00:00,0.8393245
2025-06-12 18:00:00,0.7676979
2025-06-12 19:00:00,0.7054606
2025-06-12 20:00:00,0.653466
2025-06-12 21:00:00,0.61109585
2025-06-12 22:00:00,0.61520064
2025-06-12 23:00:00,0.72314835
2025-06-13 00:00:00,0.8693804
2025-06-13 01:00:00,0.9815825
2025-06-13 02:00:00,1.012244
2025-06-13 03:00:00,0.9463719
2025-06-13 04:00:00,0.8583422
2025-06-13 05:00:00,0.78347653
2025-06-13 06:00:00,0.7184082
2025-06-13 07:00:00,0.6621762
2025-06-13 08:00:00,0.61446995
2025-06-13 09:00:00,0.5884296
2025-06-13 10:00:00,0.66276
2025-06-13 11:00:00,0.8285752
2025-06-13 12:00:00,1.0068256
2025-06-13 13:00:00,1.1355757
2025-06-13 14:00:00,1.2004256
2025-06-13 15:00:00,1.1708682
2025-06-13 16:00:00,1.0445181
2025-06-13 17:00:00,0.9380494
2025-06-13 18:00:00,0.8547647
2025-06-13 19:00:00,0.78777725
2025-06-13 20:00:00,0.7293299
2025-06-13 21:00:00,0.6780185
2025-06-13 22:00:00,0.6394103
2025-06-13 23:00:00,0.66544545
2025-06-14 00:00:00,0.78634816
2025-06-14 01:00:00,0.9260766
2025-06-14 02:00:00,1.0101231
2025-06-14 03:00:00,0.9940331
2025-06-14 04:00:00,0.91157144
2025-06-14 05:00:00,0.83192545
2025-06-14 06:00:00,0.7639724
2025-06-14 07:00:00,0.7034642
2025-06-14 08:00:00,0.65107834
2025-06-14 09:00:00,0.6065288
2025-06-14 10:00:00,0.59649926
2025-06-14 11:00:00,0.708591
2025-06-14 12:00:00,0.8860804
2025-06-14 13:00:00,1.0550904
2025-06-14 14:00:00,1.1669098
2025-06-14 15:00:00,1.2042049
2025-06-14 16:00:00,1.127659
2025-06-14 17:00:00,1.0026791
2025-06-14 18:00:00,0.9092869
2025-06-14 19:00:00,0.8338742
2025-06-14 20:00:00,0.7714577
2025-06-14 21:00:00,0.71604884
2025-06-14 22:00:00,0.6678471
2025-06-14 23:00:00,0.64303076
2025-06-15 00:00:00,0.7086406
